camera_matrix:
- - 1278.1800381599298
  - 0.0
  - 823.0495103042182
- - 0.0
  - 1280.0789254351716
  - 653.5358400639392
- - 0.0
  - 0.0
  - 1.0
