camera_matrix:
- - 1767.1115048766962
  - 0.0
  - 662.2176025920527
- - 0.0
  - 1766.216389029869
  - 385.19371344585926
- - 0.0
  - 0.0
  - 1.0
dist_coeff:
- - 0.08725406063883134
  - 1.672198497127641
  - -0.007819534208135026
  - -0.0007445382751593129
  - -9.704849038386314
